97,5,1,12,100,4, ,12,52,89, ,50,50,97,70,89, ,4,97,5,104,89, ,100,22,73,70,12,5,89, ,52,97,36,73,22,37,89, ,4,29,100,104,22,70,97,73,36,89, ,52,50,121,1,100,12,43,104,52,52,89, ,43,4,24,1,104,52,89, ,56,52,12,73,89, ,52,4,100,97,73,36,
,
,43,37,104,22,100, ,133, ,37,22,5,121,70,22,145, ,52,50,121,1,100,12,43,104,52,52,80,43,22,37,37,116,135,43,37,52,114,114,43,37,104,22,100,135,89, ,52,29,104,37,37,133,20,100,50,104,139,
,
,12,52,80,52,24,52,4,104,5,116,94,1,24,4,29,12,73,80,104,128,104, ,144,5, ,1,97,1, ,97,73,52,4,22,37,37, ,1,24,52,12,43,34,52,94,139,
,43,37,104,22,100,116,139,
,4,100,24,145,
, , , , ,97,5,1,12,100,4, ,100,104,102,50,104,52,4,52,
,104,128,43,104,1,4, ,47,5,1,12,100,4,15,100,100,12,100,145,
, , , , ,12,52,80,52,24,52,4,104,5,116,94,1,24,4,29,12,73,80,104,128,104, ,144,5, ,1,97,1, ,97,73,52,4,22,37,37, ,100,104,102,50,104,52,4,52,94,139,
, , , , ,97,5,1,12,100,4, ,100,104,102,50,104,52,4,52,
,4,100,24,145,
, , , , ,97,5,1,12,100,4, ,43,12,37,12,100,22,5,22,
,104,128,43,104,1,4, ,47,5,1,12,100,4,15,100,100,12,100,145,
, , , , ,12,52,80,52,24,52,4,104,5,116,94,1,24,4,29,12,73,80,104,128,104, ,144,5, ,1,97,1, ,97,73,52,4,22,37,37, ,43,12,37,12,100,22,5,22,94,139,
, , , , ,97,5,1,12,100,4, ,43,12,37,12,100,22,5,22,
,43,12,37,12,100,22,5,22,80,97,73,97,4,116,139,
,4,29,100,104,22,70,52,140,37,97,52,4, ,133, ,136,51,
,43,37,22,52,52, ,20,61,101,47,46,47,9,57,116,139,145,
, , , , ,70,104,11, ,140,140,97,73,97,4,140,140,116,52,104,37,11,89, ,4,22,100,36,104,4,89, ,4,22,100,36,104,4,66,133,9,12,73,104,139,145,
, , , , , , , , ,52,104,37,11,80,4,22,100,36,104,4, ,133, ,4,22,100,36,104,4,
, , , , , , , , ,52,104,37,11,80,4,22,100,36,104,4,66, ,133, ,4,22,100,36,104,4,66,
, , , , ,70,104,11, ,36,104,73,116,52,104,37,11,89, ,4,29,100,104,22,70,52,139,145,
, , , , , , , , ,97,11, ,52,104,37,11,80,4,22,100,36,104,4,66,134,133,9,12,73,104,145,
, , , , , , , , , , , , ,4,29,100,104,22,70,52,140,37,97,52,4,80,22,1,1,104,73,70,116,4,29,100,104,22,70,97,73,36,80,20,29,100,104,22,70,116,4,22,100,36,104,4,133,52,104,37,11,80,4,22,100,36,104,4,66,89, ,70,22,104,5,12,73,133,20,100,50,104,139,139,
, , , , , , , , ,11,12,100, ,128, ,97,73, ,100,22,73,36,104,116,4,29,100,104,22,70,52,139,145,
, , , , , , , , , , , , ,4,29,100,104,22,70,52,140,37,97,52,4,80,22,1,1,104,73,70,116,4,29,100,104,22,70,97,73,36,80,20,29,100,104,22,70,116,4,22,100,36,104,4,133,52,104,37,11,80,4,22,100,36,104,4,89, ,70,22,104,5,12,73,133,20,100,50,104,139,139,
, , , , ,70,104,11, ,52,4,22,100,4,116,52,104,37,11,139,145,
, , , , , , , , ,11,12,100, ,4,29,100,104,22,70, ,97,73, ,4,29,100,104,22,70,52,140,37,97,52,4,145,
, , , , , , , , , , , , ,4,100,24,145,
, , , , , , , , , , , , , , , , ,4,29,100,104,22,70,80,52,4,22,100,4,116,139,
, , , , , , , , , , , , ,104,128,43,104,1,4,145,
, , , , , , , , , , , , , , , , ,1,22,52,52,
, , , , ,70,104,11, ,56,12,97,73,116,52,104,37,11,139,145,
, , , , , , , , ,11,12,100, ,4,29,100,104,22,70, ,97,73, ,4,29,100,104,22,70,52,140,37,97,52,4,145,
, , , , , , , , , , , , ,4,100,24,145,
, , , , , , , , , , , , , , , , ,4,29,100,104,22,70,80,56,12,97,73,116,139,
, , , , , , , , , , , , ,104,128,43,104,1,4,145,
, , , , , , , , , , , , , , , , ,1,22,52,52,
,
,43,37,22,52,52, ,46,15,10,47,57,9,116,139,145,
, , , , ,18,61,47,20,15, ,133, ,135,\,128,95,121,136,95,32,7,21,32,68,65,5,135,
, , , , ,14,15,28,28,85,18, ,133, ,135,\,128,95,121,136,95,32,7,7,32,68,65,5,135,
, , , , ,101,15,46, ,133, ,135,\,128,95,121,136,95,32,7,95,32,68,65,5,135,
, , , , ,57,101,15,15,9, ,133, ,135,\,128,95,121,136,7,66,5,\,128,95,121,136,68,65,5,135,
, , , , ,36,100,104,104,73,1,37,50,52, ,133, ,11,94,106,18,61,47,20,15,78, , , ,106,57,101,15,15,9,78,92, ,106,18,61,47,20,15,78,114,94,
, , , , ,36,100,104,104,73,5,97,73,50,52, ,133, ,11,94,106,18,61,47,20,15,78, , , ,106,57,101,15,15,9,78,144, ,106,18,61,47,20,15,78,114,94,
, , , , ,24,104,37,37,12,64,1,37,50,52, ,133, ,11,94,106,18,61,47,20,15,78, , , ,106,14,15,28,28,85,18,78,92, ,106,18,61,47,20,15,78,114,94,
, , , , ,24,104,37,37,12,64,5,97,73,50,52, ,133, ,11,94,106,18,61,47,20,15,78, , , ,106,14,15,28,28,85,18,78,144, ,106,18,61,47,20,15,78,114,94,
, , , , ,100,104,70,1,37,50,52, ,133, ,11,94,106,18,61,47,20,15,78, , , ,106,101,15,46,78,92, ,106,18,61,47,20,15,78,114,94,
, , , , ,100,104,70,5,97,73,50,52, ,133, ,11,94,106,18,61,47,20,15,78, , , ,106,101,15,46,78,144, ,106,18,61,47,20,15,78,114,94,
, , , , ,36,100,104,104,73,3,104,100,12, ,133, ,11,94,106,18,61,47,20,15,78, , , ,106,57,101,15,15,9,78,65, ,106,18,61,47,20,15,78,114,94,
, , , , ,36,100,104,104,73,12,73,104, ,133, ,11,94,106,18,61,47,20,15,78, , , ,106,57,101,15,15,9,78,95, ,106,18,61,47,20,15,78,114,94,
, , , , ,36,100,104,104,73,4,64,12, ,133, ,11,94,106,18,61,47,20,15,78, , , ,106,57,101,15,15,9,78,66, ,106,18,61,47,20,15,78,114,94,
, , , , ,36,100,104,104,73,4,29,100,104,104, ,133, ,11,94,106,18,61,47,20,15,78, , , ,106,57,101,15,15,9,78,7, ,106,18,61,47,20,15,78,114,94,
, , , , ,128,100,36,100,104,104,73, ,133, ,11,94,94,94,106,14,15,28,28,85,18,78,94,94,94,
, , , , ,100,37,24,104,37,37,12,64, ,133, ,11,94,94,94,106,14,15,28,28,85,18,78,
, , , ,140,140,140,140,140,140, ,140,140,140,140,140,140,140, ,140,140,140,140,140,140,140, ,140,140,140,140,140,140,140, , , , , , , , , , , , , ,140,140,140,140,140, ,140,140,140,140,140,140,140, ,140,140,140,140,140, ,140,140,140,140,140,140,140,
, , ,114,140,140,140,140,140,48, ,114,140,140,140,140,140,114, , , , ,114, , , , ,114,140,140,140,140,140,140, , , , , , ,114, , , , , , , , ,114, , , ,114, , ,114, , ,114, , , ,114, , , , , , ,114, , , ,
, , ,114, , , , ,\,140, ,114, , , , , ,114, , , , ,114, , , , ,114,140,140,140,140,140,140, , , , , , ,114,140,140,140,140,140, ,140,140,114,140,140, ,114, , ,114, , ,114, ,140,140,114,140,140, , , , ,114, , , ,
, , , , , , , , , , , , , , , , , , , , , , , , , , , , , , , , , , , , , , , , ,
,94,94,94,
,70,104,11, ,97,73,104,128,116,139,145,
, , , , ,1,100,97,73,4,116,11,94,\,73,106,46,15,10,47,57,9,80,100,104,70,5,97,73,50,52,78, ,15,73,4,104,100, ,20,12, ,15,128,97,4,145, ,94,89, ,104,73,70,133,94,94,139,
, , , , ,97,73,1,50,4,116,139,
, , , , ,12,52,80,34,97,37,37,116,12,52,80,36,104,4,1,97,70,116,139,89, ,52,97,36,73,22,37,80,10,47,57,20,15,101,33,139,
,43,37,22,52,52, ,10,15,20,20,47,9,57,10,116,139,145,
, , , , ,70,104,11, ,140,140,97,73,97,4,140,140,116,52,104,37,11,139,145,
, , , , , , , , ,52,104,37,11,80,12,1,104,73,140,52,104,4,4,97,73,36,52,116,139,
, , , , ,70,104,11, ,12,1,104,73,140,52,104,4,4,97,73,36,52,116,52,104,37,11,139,145,
, , , , , , , , ,4,100,24,145,
, , , , , , , , , , , , ,52,104,4,4,97,73,36,52, ,133, ,56,52,12,73,80,37,12,22,70,52,116,12,1,104,73,116,94,55,97,37,104,52,48,52,104,4,4,97,73,36,52,80,4,128,4,94,89, ,94,100,94,89, ,104,73,43,12,70,97,73,36,133,94,50,4,11,144,19,94,139,80,100,104,22,70,116,139,139,
, , , , , , , , , , , , ,52,104,37,11,80,5,52,36, ,133, ,52,104,4,4,97,73,36,52,136,94,52,104,4,4,97,73,36,52,94,51,136,94,5,52,36,94,51,
, , , , , , , , , , , , ,52,104,37,11,80,1,100,97,26,22,4,104,140,64,104,121,29,12,12,34, ,133, ,52,104,4,4,97,73,36,52,136,94,52,104,4,4,97,73,36,52,94,51,136,94,1,100,97,26,22,4,104,140,64,104,121,29,12,12,34,94,51,
, , , , , , , , , , , , ,52,104,37,11,80,1,50,121,37,97,43,140,64,104,121,29,12,12,34, ,133, ,52,104,4,4,97,73,36,52,136,94,52,104,4,4,97,73,36,52,94,51,136,94,1,50,121,37,97,43,140,64,104,121,29,12,12,34,94,51,
, , , , , , , , , , , , ,52,104,37,11,80,4,29,100,104,22,70,52, ,133, ,97,73,4,116,52,104,4,4,97,73,36,52,136,94,52,104,4,4,97,73,36,52,94,51,136,94,4,29,100,104,22,70,52,94,51,139,
, , , , , , , , ,104,128,43,104,1,4, ,15,128,43,104,1,4,97,12,73, ,22,52, ,104,100,100,145,
, , , , , , , , , , , , ,1,100,97,73,4,116,11,94,\,73,106,46,15,10,47,57,9,80,100,104,70,5,97,73,50,52,78, ,106,104,100,100,78,94,139,
, , , , , , , , , , , , ,1,100,97,73,4,116,11,94,\,73,106,46,15,10,47,57,9,80,100,104,70,5,97,73,50,52,78, ,10,12,5,4,29,97,73,36, ,97,52, ,64,100,12,73,36, ,12,73, ,106,46,15,10,47,57,9,80,101,15,46,78,52,104,4,4,97,73,36,52,80,4,128,4,94,139,
, , , , , , , , , , , , ,97,73,104,128,116,139,
, , , , , , , , ,4,100,24,145,
, , , , , , , , , , , , ,104,5,121,104,70, ,133, ,12,1,104,73,116,94,55,97,37,104,52,48,104,5,121,104,70,80,4,128,4,94,89, ,94,100,94,89, ,104,73,43,12,70,97,73,36,133,94,50,4,11,144,19,94,139,80,100,104,22,70,116,139,
, , , , , , , , , , , , ,52,104,37,11,80,1,100,97,26,22,4,104,140,104,5,121,104,70, ,133, ,104,5,121,104,70,80,52,1,37,97,4,116,94,8,1,100,97,26,22,4,104,94,139,136,95,51,
, , , , , , , , , , , , ,52,104,37,11,80,1,50,121,37,97,43,140,104,5,121,104,70, ,133, ,104,5,121,104,70,80,52,1,37,97,4,116,94,8,1,50,121,37,97,43,94,139,136,95,51,
, , , , , , , , ,104,128,43,104,1,4, ,15,128,43,104,1,4,97,12,73, ,22,52, ,104,100,100,145,
, , , , , , , , , , , , ,1,100,97,73,4,116,11,94,\,73,106,46,15,10,47,57,9,80,100,104,70,5,97,73,50,52,78, ,106,104,100,100,78,94,139,
, , , , , , , , , , , , ,1,100,97,73,4,116,11,94,\,73,106,46,15,10,47,57,9,80,100,104,70,5,97,73,50,52,78, ,10,12,5,4,29,97,73,36, ,97,52, ,64,100,12,73,36, ,12,73, ,106,46,15,10,47,57,9,80,101,15,46,78,104,5,121,104,70,80,4,128,4,94,139,
, , , , , , , , , , , , ,97,73,104,128,116,139,
, , , , , , , , ,4,100,24,145,
, , , , , , , , , , , , ,52,104,37,11,80,121,97,12, ,133, ,12,1,104,73,116,94,55,97,37,104,52,48,121,97,12,80,4,128,4,94,89, ,94,100,94,89, ,104,73,43,12,70,97,73,36,133,94,50,4,11,144,19,94,139,80,100,104,22,70,116,139,80,52,1,37,97,4,116,94,\,73,94,139,
, , , , , , , , ,104,128,43,104,1,4,145,
, , , , , , , , , , , , ,1,100,97,73,4,116,11,94,\,73,106,46,15,10,47,57,9,80,100,104,70,5,97,73,50,52,78, ,106,46,15,10,47,57,9,80,101,15,46,78,121,97,12,80,4,128,4, ,106,46,15,10,47,57,9,80,18,61,47,20,15,78,97,52, ,5,97,52,52,97,73,36,94,89, ,104,73,70,133,94,94,139,
, , , , , , , , , , , , ,97,73,104,128,116,139,
,50,52,104,100,52, ,133, ,136,51,
,1,100,12,128,97,104,52, ,133, ,136,51,
,52,104,52,52,97,12,73,52, ,133, ,136,51,
,121,97,12, ,133, ,136,51,
,43,37,22,97,5,104,70,140,50,52,104,100,52, ,133, ,136,51,
,43,37,22,52,52, ,55,47,28,15,10,116,139,145,
, , , , ,70,104,11, ,140,140,97,73,97,4,140,140,116,52,104,37,11,89, ,11,97,37,104,1,22,4,29,89, ,5,24,140,37,97,52,4,89, ,52,128,133,9,12,73,104,89, ,52,1,37,97,4,140,37,97,73,104,52,133,9,12,73,104,139,145,
, , , , , , , , ,97,11, ,52,1,37,97,4,140,37,97,73,104,52,133,133,9,12,73,104,145,
, , , , , , , , , , , , ,52,104,37,11,80,12,1,104,73,140,11,97,37,104,116,11,97,37,104,1,22,4,29,89, ,5,24,140,37,97,52,4,89, ,52,128,139,
, , , , , , , , ,104,37,52,104,145,
, , , , , , , , , , , , ,52,104,37,11,80,12,1,104,73,140,11,97,37,104,66,116,11,97,37,104,1,22,4,29,89, ,5,24,140,37,97,52,4,89, ,52,128,89, ,52,1,37,97,4,140,37,97,73,104,52,139,
, , , , ,70,104,11, ,12,1,104,73,140,11,97,37,104,116,52,104,37,11,89, ,11,97,37,104,1,22,4,29,89, ,5,24,140,37,97,52,4,89, ,52,128,139,145,
, , , , , , , , ,4,100,24,145,
, , , , , , , , , , , , ,11,97,37,104, ,133, ,12,1,104,73,116,11,97,37,104,1,22,4,29,89, ,94,100,94,89, ,104,73,43,12,70,97,73,36,133,94,50,4,11,144,19,94,139,80,100,104,22,70,116,139,80,52,1,37,97,4,116,94,\,73,94,139,
, , , , , , , , , , , , ,97,11, ,52,128,134,133,9,12,73,104,145,
, , , , , , , , , , , , , , , , ,11,12,100, ,128, ,97,73, ,11,97,37,104,145,
, , , , , , , , , , , , , , , , , , , , ,97,11, ,128,134,133,94,94,145,
, , , , , , , , , , , , , , , , , , , , , , , , ,5,24,140,37,97,52,4,80,22,1,1,104,73,70,116,128,80,52,1,37,97,4,116,52,128,139,139,
, , , , , , , , , , , , ,104,37,52,104,145,
, , , , , , , , , , , , , , , , ,11,12,100, ,128, ,97,73, ,11,97,37,104,145,
, , , , , , , , , , , , , , , , , , , , ,97,11, ,128,134,133,94,94,145,
, , , , , , , , , , , , , , , , , , , , , , , , ,5,24,140,37,97,52,4,80,22,1,1,104,73,70,116,128,139,
, , , , , , , , , , , , ,108,1,100,97,73,4,116,5,24,140,37,97,52,4,139,
, , , , , , , , , , , , ,108,97,73,1,50,4,116,139,
, , , , , , , , , , , , ,1,100,97,73,4,116,11,94,\,73,106,46,15,10,47,57,9,80,36,100,104,104,73,1,37,50,52,78, ,28,12,22,70,104,70, ,10,50,43,43,104,52,52,11,50,37,37,24, ,106,46,15,10,47,57,9,80,57,101,15,15,9,78,106,11,97,37,104,1,22,4,29,78,94,139,
, , , , , , , , , , , , ,4,97,5,104,80,52,37,104,104,1,116,65,80,0,139,
, , , , , , , , ,104,128,43,104,1,4, ,55,97,37,104,9,12,4,55,12,50,73,70,15,100,100,12,100,145,
, , , , , , , , , , , , ,1,100,97,73,4,116,11,94,\,73,106,46,15,10,47,57,9,80,100,104,70,5,97,73,50,52,78, ,106,46,15,10,47,57,9,80,101,15,46,78,106,11,97,37,104,1,22,4,29,78, ,106,46,15,10,47,57,9,80,18,61,47,20,15,78,97,52, ,5,97,52,52,97,73,36,94,89, ,104,73,70,133,94,94,139,
, , , , , , , , , , , , ,97,73,104,128,116,139,
,
, , , , ,70,104,11, ,12,1,104,73,140,11,97,37,104,66,116,52,104,37,11,89, ,11,97,37,104,1,22,4,29,89, ,5,24,140,37,97,52,4,89, ,52,128,89, ,52,1,37,97,4,140,37,97,73,104,52,139,145,
, , , , , , , , ,4,100,24,145,
, , , , , , , , , , , , ,11,97,37,104, ,133, ,12,1,104,73,116,11,97,37,104,1,22,4,29,89, ,94,100,94,89, ,104,73,43,12,70,97,73,36,133,94,50,4,11,144,19,94,139,80,100,104,22,70,116,139,80,52,1,37,97,4,116,11,94,\,73,106,52,1,37,97,4,140,37,97,73,104,52,78,94,139,
, , , , , , , , , , , , ,11,12,100, ,128, ,97,73, ,11,97,37,104,145,
, , , , , , , , , , , , , , , , ,97,11, ,128,134,133,94,94,145,
, , , , , , , , , , , , , , , , , , , , ,37,97,52,4,95, ,133, ,128,80,52,1,37,97,4,116,94,\,73,94,139,
, , , , , , , , , , , , , , , , , , , , ,97,11, ,52,128,134,133,9,12,73,104,145,
, , , , , , , , , , , , , , , , , , , , , , , , ,5,22,97,73,140,37,97,52,4, ,133, ,136,51,
, , , , , , , , , , , , , , , , , , , , , , , , ,11,12,100, ,128, ,97,73, ,37,97,52,4,95,145,
, , , , , , , , , , , , , , , , , , , , , , , , , , , , ,5,22,97,73,140,37,97,52,4,80,22,1,1,104,73,70,116,128,80,52,1,37,97,4,116,52,128,139,139,
, , , , , , , , , , , , , , , , , , , , , , , , ,37,97,52,4,95, ,133, ,5,22,97,73,140,37,97,52,4,
, , , , , , , , , , , , , , , , , , , , ,5,24,140,37,97,52,4,80,22,1,1,104,73,70,116,37,97,52,4,95,139,
, , , , , , , , , , , , ,108,1,100,97,73,4,116,5,24,140,37,97,52,4,139,
, , , , , , , , , , , , ,108,97,73,1,50,4,116,139,
, , , , , , , , , , , , ,1,100,97,73,4,116,11,94,\,73,106,46,15,10,47,57,9,80,36,100,104,104,73,1,37,50,52,78, ,28,12,22,70,104,70, ,10,50,43,43,104,52,52,11,50,37,37,24, ,106,46,15,10,47,57,9,80,57,101,15,15,9,78,106,11,97,37,104,1,22,4,29,78,94,139,
, , , , , , , , , , , , ,4,97,5,104,80,52,37,104,104,1,116,65,80,0,139,
, , , , , , , , ,104,128,43,104,1,4, ,55,97,37,104,9,12,4,55,12,50,73,70,15,100,100,12,100,145,
, , , , , , , , , , , , ,1,100,97,73,4,116,11,94,\,73,106,46,15,10,47,57,9,80,100,104,70,5,97,73,50,52,78, ,106,46,15,10,47,57,9,80,101,15,46,78,106,11,97,37,104,1,22,4,29,78, ,106,46,15,10,47,57,9,80,18,61,47,20,15,78,97,52, ,5,97,52,52,97,73,36,94,89, ,104,73,70,133,94,94,139,
, , , , , , , , , , , , ,97,73,104,128,116,139,
,
,43,37,22,52,52, ,2,10,28,116,139,145,
, , , , ,70,104,11, ,140,140,97,73,97,4,140,140,116,52,104,37,11,139, ,144,81, ,9,12,73,104,145,
, , , , , , , , ,52,104,37,11,80,100,50,73, ,133, ,20,100,50,104,
, , , , , , , , ,52,104,37,11,80,22,4,4,104,5,1,4,52, ,133, ,65,
, , , , , , , , ,52,104,37,11,80,104,100,100,12,100, ,133, ,65,
, , , , , , , , ,52,104,37,11,80,100,52, ,133, ,65,
,
, , , , , , , , ,52,104,37,11,80,4,22,100,36,104,4,140,52,104,52,52,97,12,73,52, ,133, ,136,51,
, , , , , , , , ,52,104,37,11,80,4,22,100,36,104,4,140,37,97,52,4, ,133, ,136,51,
, , , , , , , , ,52,104,37,11,80,52,37,97,52,4,140,4,50,100,73, ,133, ,65,
, , , , , , , , ,
, , , , , , , , ,52,104,37,11,80,100,104,102,140,52,104,52,52,97,12,73, ,133, ,100,104,102,50,104,52,4,52,80,52,104,52,52,97,12,73,116,139,
, , , , , , , , ,52,104,37,11,80,4,12,4,22,37,140,4,97,5,104, ,133, ,65,
, , , , ,70,104,11, ,70,97,52,43,12,100,70,116,52,104,37,11,89, ,4,22,100,36,104,4, ,89,22,4,4,104,5,1,4,52,89, ,100,52,89, ,52,104,52,52,97,12,73,97,70,139,145,
, , , , , , , , ,4,100,24,145,
, , , , , , , , , , , , ,100,104,102, ,133, ,100,104,102,50,104,52,4,52,80,1,12,52,4,116,52,80,1,100,97,26,22,4,104,140,64,104,121,29,12,12,34,89, ,56,52,12,73,133,56,52,12,73,80,37,12,22,70,52,116,52,80,1,100,97,26,22,4,104,140,104,5,121,104,70,80,100,104,1,37,22,43,104,116,94,8,4,22,100,36,104,4,94,89, ,4,22,100,36,104,4,139,80,100,104,1,37,22,43,104,116,94,8,22,4,4,94,89, ,52,4,100,116,22,4,4,104,5,1,4,52,139,139,80,100,104,1,37,22,43,104,116,94,8,100,52,94,89, ,52,4,100,116,100,52,139,139,80,100,104,1,37,22,43,104,116,94,8,52,104,52,52,97,12,73,97,70,94,89, ,11,94,106,52,104,52,52,97,12,73,97,70,136,65,51,78,145,106,52,104,52,52,97,12,73,97,70,136,95,51,78,94,139,139,89, ,4,97,5,104,12,50,4,133,7,139,
, , , , , , , , , , , , ,108,1,100,97,73,4,116,100,104,102,80,4,104,128,4,89, ,100,104,102,80,52,4,22,4,50,52,140,43,12,70,104,139,
, , , , , , , , ,104,128,43,104,1,4,145,
, , , , , , , , , , , , ,1,22,52,52,
, , , , , , , , ,4,100,24,145,
, , , , , , , , , , , , ,100,104,102, ,133, ,100,104,102,50,104,52,4,52,80,1,12,52,4,116,52,80,1,50,121,37,97,43,140,64,104,121,29,12,12,34,89, ,56,52,12,73,133,56,52,12,73,80,37,12,22,70,52,116,52,80,1,50,121,37,97,43,140,104,5,121,104,70,80,100,104,1,37,22,43,104,116,94,8,4,22,100,36,104,4,94,89, ,4,22,100,36,104,4,139,80,100,104,1,37,22,43,104,116,94,8,22,4,4,94,89, ,52,4,100,116,22,4,4,104,5,1,4,52,139,139,80,100,104,1,37,22,43,104,116,94,8,100,52,94,89, ,52,4,100,116,100,52,139,139,139,89, ,4,97,5,104,12,50,4,133,7,139,
, , , , , , , , , , , , ,108,1,100,97,73,4,116,100,104,102,80,4,104,128,4,89, ,100,104,102,80,52,4,22,4,50,52,140,43,12,70,104,139,
, , , , , , , , ,104,128,43,104,1,4,145,
, , , , , , , , , , , , ,1,22,52,52,
, , , , ,70,104,11, ,43,37,22,97,5,104,70,116,52,104,37,11,89, ,52,104,52,52,97,12,73,97,70,89, ,4,22,100,36,104,4,89, ,22,4,4,104,5,1,4,52,89, ,100,52,139,145,
, , , , , , , , ,97,11, ,4,22,100,36,104,4, ,73,12,4, ,97,73, ,43,37,22,97,5,104,70,140,50,52,104,100,52,145,
, , , , , , , , , , , , ,43,37,22,97,5,104,70,140,50,52,104,100,52,80,22,1,1,104,73,70,116,4,22,100,36,104,4,139,
,
, , , , , , , , , , , , ,12,1,104,73,116,11,94,97,73,11,12,48,106,4,22,100,36,104,4,136,65,51,78,80,4,128,4,94,89, ,94,22,94,139,80,64,100,97,4,104,116,11,94,\,73,50,52,104,100,73,22,5,104,145, ,106,4,22,100,36,104,4,136,65,51,78,\,73,52,104,52,52,97,12,73,97,70,145, ,106,52,104,52,52,97,12,73,97,70,136,65,51,78,\,73,22,4,4,104,5,1,4,52,145, ,106,22,4,4,104,5,1,4,52,78,\,73,101,48,52,145, ,106,100,52,78,\,73,94,139,
, , , , , , , , , , , , ,1,100,97,73,4,116,11,94,\,73,106,46,15,10,47,57,9,80,24,104,37,37,12,64,1,37,50,52,78, ,106,52,80,5,52,36,78, ,106,46,15,10,47,57,9,80,14,15,28,28,85,18,78,53,106,4,22,100,36,104,4,136,65,51,78,106,46,15,10,47,57,9,80,18,61,47,20,15,78,89, ,137,11,4,104,100, ,106,46,15,10,47,57,9,80,14,15,28,28,85,18,78,106,52,104,37,11,80,22,4,4,104,5,1,4,52,78, ,106,46,15,10,47,57,9,80,18,61,47,20,15,78,137,4,4,104,5,1,4,52,94,139,
, , , , , , , , , , , , ,52,104,37,11,80,70,97,52,43,12,100,70,116,4,22,100,36,104,4,136,65,51,89, ,22,4,4,104,5,1,4,52,89, ,100,52,89, ,52,104,52,52,97,12,73,97,70,139,
,
, , , , , , , , , , , , ,52,104,37,11,80,100,104,5,12,26,104,140,52,104,52,52,97,12,73,116,52,104,52,52,97,12,73,97,70,139,
, , , , , , , , , , , , ,52,104,37,11,80,100,104,5,12,26,104,140,50,52,104,100,116,4,22,100,36,104,4,139,
, , , , , , , , , , , , ,97,11, ,37,104,73,116,52,104,37,11,80,4,22,100,36,104,4,140,37,97,52,4,139, ,152, ,95,145,
, , , , , , , , , , , , , , , , ,52,104,37,11,80,100,50,73, ,133, ,55,22,37,52,104,
, , , , , , , , , , , , ,108,43,4,24,1,104,52,80,64,97,73,70,37,37,80,50,52,104,100,7,66,80,33,104,52,52,22,36,104,45,12,128,18,116,65,89, ,11,94,106,52,80,5,52,36,78, ,53,106,4,22,100,36,104,4,136,65,51,78,94,89, ,94,101,22,4,104, ,28,97,5,97,4,94,89, ,65,128,65,139,
, , , , ,70,104,11, ,100,104,5,12,26,104,140,52,104,52,52,97,12,73,116,52,104,37,11,89, ,52,104,52,52,97,12,73,97,70,139,145,
, , , , , , , , ,4,100,24,145,
, , , , , , , , , , , , ,52,104,37,11,80,4,22,100,36,104,4,140,52,104,52,52,97,12,73,52,80,100,104,5,12,26,104,116,52,104,52,52,97,12,73,97,70,139,
, , , , , , , , ,104,128,43,104,1,4,145,
, , , , , , , , , , , , ,1,22,52,52,
, , , , ,70,104,11, ,100,104,5,12,26,104,140,50,52,104,100,116,52,104,37,11,89, ,50,52,104,100,139,145,
, , , , , , , , ,4,100,24,145,
, , , , , , , , , , , , ,52,104,37,11,80,4,22,100,36,104,4,140,37,97,52,4,80,100,104,5,12,26,104,116,50,52,104,100,139,
, , , , , , , , ,104,128,43,104,1,4,145,
, , , , , , , , , , , , ,1,22,52,52,
, , , , ,70,104,11, ,100,22,73,70,12,5,140,1,100,12,128,24,116,52,104,37,11,139,145,
, , , , , , , , ,4,100,24,145,
, , , , , , , , , , , , ,1,100,12,128, ,133, ,100,22,73,70,12,5,80,43,29,12,97,43,104,116,1,100,12,128,97,104,52,139,
, , , , , , , , , , , , ,1,100,12,128,24, ,133, ,106,94,29,4,4,1,94,145, ,11,94,106,1,100,12,128,97,104,52,140,4,24,1,104,78,106,1,100,12,128,78,94,89, ,94,29,4,4,1,52,94,145, ,11,94,106,1,100,12,128,97,104,52,140,4,24,1,104,78,106,1,100,12,128,78,94,78,
, , , , , , , , , , , , ,100,104,4,50,100,73, ,1,100,12,128,24,
, , , , , , , , ,104,128,43,104,1,4,145,
, , , , , , , , , , , , ,100,104,4,50,100,73, ,9,12,73,104,
, , , , ,70,104,11, ,104,70,97,4,140,1,100,12,11,97,37,104,116,52,104,37,11,89, ,52,104,52,52,97,12,73,97,70,89, ,4,22,100,36,104,4,89, ,1,100,12,128,24,133,9,12,73,104,139,145,
, , , , , , , , ,29,12,52,4, ,133, ,100,22,73,70,12,5,80,43,29,12,97,43,104,116,136,135,97,80,97,73,52,4,22,36,100,22,5,80,43,12,5,135,89, ,135,121,80,97,80,97,73,52,4,22,36,100,22,5,80,43,12,5,135,51,139,
, , , , , , , , ,29,104,22,70, ,133, ,106,
, , , , , , , , , , , , ,94,50,52,104,100,144,22,36,104,73,4,94,145, ,94,47,73,52,4,22,36,100,22,5, ,95,0,65,80,65,80,65,80,65,80,65,65,65, ,137,73,70,100,12,97,70,94,89,
, , , , , , , , , , , , ,94,43,12,12,34,97,104,94,145, ,11,94,52,104,52,52,97,12,73,97,70,133,106,52,104,52,52,97,12,73,97,70,136,65,51,78,32, ,70,52,140,50,52,104,100,140,97,70,133,106,135,135,80,56,12,97,73,116,100,22,73,70,12,5,80,43,29,12,97,43,104,52,116,52,4,100,97,73,36,80,22,52,43,97,97,140,37,12,64,104,100,43,22,52,104, ,92, ,52,4,100,97,73,36,80,70,97,36,97,4,52,89, ,34,133,95,0,139,139,78,94,
, , , , , , , , ,78,
, , , , , , , , ,70,22,4,22, ,133, ,106,
, , , , , , , , , , , , ,94,50,52,104,100,73,22,5,104,94,145, ,4,22,100,36,104,4,136,65,51,89,
, , , , , , , , , , , , ,94,104,5,22,97,37,94,145, ,52,104,52,52,97,12,73,97,70,136,95,51,89,
, , , , , , , , , , , , ,94,1,29,12,73,104,140,73,50,5,121,104,100,94,145, ,52,104,52,52,97,12,73,97,70,136,66,51,89,
, , , , , , , , , , , , ,94,11,97,100,52,4,140,73,22,5,104,94,145, ,52,104,52,52,97,12,73,97,70,136,7,51,89,
, , , , , , , , , , , , ,94,121,97,12,36,100,22,1,29,24,94,145, ,100,22,73,70,12,5,80,43,29,12,97,43,104,116,52,80,121,97,12,139,89,
, , , , , , , , , , , , ,94,104,128,4,104,100,73,22,37,140,50,100,37,94,145, ,94,94,89,
, , , , , , , , , , , , ,94,70,104,26,97,43,104,140,97,70,94,145, ,50,50,97,70,80,50,50,97,70,68,116,139,89,
, , , , , , , , , , , , ,94,140,50,97,70,94,145, ,52,104,52,52,97,12,73,97,70,136,65,51,80,52,1,37,97,4,116,94,44,7,137,94,139,136,65,51,89,
, , , , , , , , , , , , ,94,140,50,50,97,70,94,145, ,50,50,97,70,80,50,50,97,70,68,116,139,89,
, , , , , , , , ,78,
, , , , , , , , ,100,104,102, ,133, ,52,104,37,11,80,100,104,102,140,52,104,52,52,97,12,73,80,1,12,52,4,116,11,94,29,4,4,1,52,145,48,48,106,29,12,52,4,78,48,22,1,97,48,26,95,48,22,43,43,12,50,73,4,52,48,104,70,97,4,140,1,100,12,11,97,37,104,48,94,89, ,29,104,22,70,104,100,52,133,29,104,22,70,89, ,70,22,4,22,133,70,22,4,22,89, ,1,100,12,128,97,104,52,133,1,100,12,128,24,89, ,4,97,5,104,12,50,4,133,95,65,139,
, , , , , , , , ,108,1,100,97,73,4,116,100,104,102,80,4,104,128,4,89, ,100,104,102,80,52,4,22,4,50,52,140,43,12,70,104,89, ,94,104,70,97,4,140,1,100,12,11,97,37,104,94,89, ,29,12,52,4,139,
, , , , , , , , ,97,11, ,135,94,50,52,104,100,73,22,5,104,94,135, ,97,73, ,100,104,102,80,4,104,128,4, ,22,73,70, ,100,104,102,80,52,4,22,4,50,52,140,43,12,70,104,133,133,66,65,65,145,
, , , , , , , , , , , , ,52,104,37,11,80,22,4,4,104,5,1,4,52, ,92,133, ,95,
, , , , , , , , , , , , ,52,104,37,11,80,43,37,22,97,5,104,70,116,52,104,52,52,97,12,73,97,70,89, ,4,22,100,36,104,4,89, ,52,104,37,11,80,22,4,4,104,5,1,4,52,89, ,52,104,37,11,80,100,52,139,
, , , , , , , , ,104,37,97,11, ,22,73,24,116,128, ,97,73, ,100,104,102,80,4,104,128,4, ,11,12,100, ,128, ,97,73, ,136,94,97,52,73,135,4,94,89, ,94,22,37,100,104,22,70,24, ,104,128,97,52,4,52,94,51,139,145,
, , , , , , , , , , , , ,52,104,37,11,80,22,4,4,104,5,1,4,52, ,92,133, ,95,
, , , , , , , , ,104,37,97,11, ,100,104,102,80,52,4,22,4,50,52,140,43,12,70,104,133,133,68,66,98, ,12,100, ,100,104,102,80,4,104,128,4,133,133,94,94,145,
, , , , , , , , , , , , ,52,104,37,11,80,104,100,100,12,100, ,92,133, ,95,
, , , , , , , , ,104,37,97,11, ,22,73,24,116,128, ,97,73, ,100,104,102,80,4,104,128,4, ,11,12,100, ,128, ,97,73, ,136,94,20,100,24, ,137,36,22,97,73, ,28,22,4,104,100,94,89, ,94,85,12,1,52,89, ,22,73, ,104,100,100,12,100,94,51,139,145,
, , , , , , , , , , , , ,52,104,37,11,80,104,100,100,12,100, ,92,133, ,95,
, , , , , , , , ,104,37,97,11, ,22,73,24,116,128, ,97,73, ,100,104,102,80,4,104,128,4, ,11,12,100, ,128, ,97,73, ,136,94,43,29,22,37,37,104,73,36,104,140,100,104,102,50,97,100,104,70,94,89, ,94,43,29,104,43,34,1,12,97,73,4,140,100,104,102,50,97,100,104,70,94,89, ,94,37,12,36,97,73,140,100,104,102,50,97,100,104,70,94,51,139,145,
, , , , , , , , , , , , ,52,104,37,11,80,100,104,5,12,26,104,140,52,104,52,52,97,12,73,116,52,104,52,52,97,12,73,97,70,139,
, , , , , , , , ,104,37,52,104,145,
, , , , , , , , , , , , ,108,1,100,97,73,4,116,11,94,\,73,106,46,15,10,47,57,9,80,100,104,70,5,97,73,50,52,78, ,106,100,104,102,80,4,104,128,4,78,89, ,106,100,104,102,80,52,4,22,4,50,52,140,43,12,70,104,78,94,139,
, , , , , , , , , , , , ,1,22,52,52,
, , , , ,70,104,11, ,43,12,50,73,4,104,100,116,52,104,37,11,139,145,
, , , , , , , , ,64,29,97,37,104, ,52,104,37,11,80,100,50,73,145,
, , , , , , , , , , , , ,121,104,11,12,100,104, ,133, ,52,104,37,11,80,22,4,4,104,5,1,4,52,
, , , , , , , , , , , , ,4,97,5,104,80,52,37,104,104,1,116,95,139,
, , , , , , , , , , , , ,52,104,37,11,80,4,12,4,22,37,140,4,97,5,104, ,144,133, ,95,
, , , , , , , , , , , , ,97,11, ,52,104,37,11,80,4,12,4,22,37,140,4,97,5,104, ,152,133, ,65,145,
, , , , , , , , , , , , , , , , ,52,104,37,11,80,100,50,73, ,133, ,55,22,37,52,104,
, , , , , , , , , , , , ,22,11,4,104,100, ,133, ,52,104,37,11,80,22,4,4,104,5,1,4,52,
, , , , , , , , , , , , ,52,104,37,11,80,100,52, ,133, ,22,11,4,104,100,144,121,104,11,12,100,104,
, , , , , , , , , , , , ,12,52,80,52,24,52,4,104,5,116,11,94,4,97,4,37,104, ,137,4,4,104,5,104,4,52, ,145, ,106,52,104,37,11,80,22,4,4,104,5,1,4,52,78, ,48, ,15,100,100,12,100, ,145, ,106,52,104,37,11,80,104,100,100,12,100,78, ,48, ,101,48,52, ,145, ,106,52,104,37,11,80,100,52,78, ,48, ,101,22,4,104, ,28,97,5,97,4, ,144, ,88,94,139,
, , , , ,70,104,11, ,52,4,22,100,4,140,4,22,100,36,104,4,97,73,36,116,52,104,37,11,139,145,
, , , , , , , , ,64,29,97,37,104, ,52,104,37,11,80,100,50,73,145,
, , , , , , , , , , , , ,4,100,24,145,
, , , , , , , , , , , , , , , , ,52,104,52,52,97,12,73,97,70, ,133, ,100,22,73,70,12,5,80,43,29,12,97,43,104,116,52,104,37,11,80,4,22,100,36,104,4,140,52,104,52,52,97,12,73,52,139,
, , , , , , , , , , , , ,104,128,43,104,1,4,145,
, , , , , , , , , , , , , , , , ,1,22,52,52,
, , , , , , , , , , , , ,4,100,24,145,
, , , , , , , , , , , , , , , , ,4,22,100,36,104,4, ,133, ,100,22,73,70,12,5,80,43,29,12,97,43,104,116,52,104,37,11,80,4,22,100,36,104,4,140,37,97,52,4,139,
, , , , , , , , , , , , ,104,128,43,104,1,4,145,
, , , , , , , , , , , , , , , , ,1,22,52,52,
, , , , , , , , , , , , ,4,100,24,145,
, , , , , , , , , , , , , , , , ,52,104,37,11,80,104,70,97,4,140,1,100,12,11,97,37,104,116,52,104,52,52,97,12,73,97,70,89, ,4,22,100,36,104,4,89, ,52,104,37,11,80,100,22,73,70,12,5,140,1,100,12,128,24,116,139,139,
, , , , , , , , , , , , ,104,128,43,104,1,4, ,15,128,43,104,1,4,97,12,73, ,22,52, ,104,100,100,145,
, , , , , , , , , , , , , , , , ,108,1,100,97,73,4,116,104,100,100,139,
, , , , , , , , , , , , , , , , ,1,22,52,52,
, , , , , , , , , , , , ,1,22,52,52,
, , , , ,70,104,11, ,36,12,116,52,104,37,11,89, ,50,52,104,100,89, ,5,24,140,4,97,5,104,139,145,
, , , , , , , , ,52,104,37,11,80,4,12,4,22,37,140,4,97,5,104, ,92,133, ,5,24,140,4,97,5,104,92,95,
, , , , , , , , ,1,100,97,73,4,116,11,94,\,73,106,46,15,10,47,57,9,80,24,104,37,37,12,64,1,37,50,52,78, ,10,4,22,100,4, ,20,22,100,36,104,4,97,73,36, ,106,46,15,10,47,57,9,80,14,15,28,28,85,18,78,53,106,50,52,104,100,136,65,51,78,94,139,
, , , , , , , , ,4,29,100,104,22,70,52,140,37,97,52,4,80,43,37,104,22,100,116,139,
, , , , , , , , ,4, ,133, ,20,61,101,47,46,47,9,57,116,52,104,37,11,80,52,4,22,100,4,140,4,22,100,36,104,4,97,73,36,89, ,52,104,37,11,80,43,12,50,73,4,104,100,139,
, , , , , , , , ,4,80,36,104,73,116,52,80,4,29,100,104,22,70,52,139,
, , , , , , , , ,52,104,37,11,80,4,22,100,36,104,4,140,37,97,52,4,80,22,1,1,104,73,70,116,50,52,104,100,139,
, , , , , , , , ,52,104,37,11,80,4,22,100,36,104,4,140,52,104,52,52,97,12,73,52,80,104,128,4,104,73,70,116,52,104,52,52,97,12,73,52,136,52,104,37,11,80,52,37,97,52,4,140,4,50,100,73,51,139,
, , , , , , , , ,52,104,37,11,80,100,50,73, ,133, ,20,100,50,104,
, , , , , , , , ,4,80,52,4,22,100,4,116,139,
, , , , , , , , ,4,80,56,12,97,73,116,139,
, , , , , , , , ,12,52,80,52,24,52,4,104,5,116,94,4,97,4,37,104, ,101,22,4,104, ,28,97,5,97,4, ,144, ,88,94,139,
, , , , , , , , ,97,11, ,50,52,104,100, ,97,73, ,50,52,104,100,52,145,
, , , , , , , , , , , , ,52,104,37,11,80,4,22,100,36,104,4,140,37,97,52,4,80,100,104,5,12,26,104,116,50,52,104,100,139,
, , , , , , , , ,4,100,24,145,
, , , , , , , , , , , , ,52,104,37,11,80,4,22,100,36,104,4,140,52,104,52,52,97,12,73,52,80,43,37,104,22,100,116,139,
, , , , , , , , , , , , ,52,104,37,11,80,1,37,97,52,4,140,4,50,100,73, ,92,133, ,95,
, , , , , , , , , , , , ,52,104,37,11,80,52,37,97,52,4,140,4,50,100,73, ,92,133, ,95,
, , , , , , , , , , , , ,97,11, ,37,104,73,116,50,52,104,100,52,139, ,152, ,95,145,
, , , , , , , , , , , , , , , , ,52,104,37,11,80,100,50,73, ,133, ,55,22,37,52,104,
, , , , , , , , , , , , , , , , ,1,100,97,73,4,116,11,94,\,73,106,46,15,10,47,57,9,80,100,104,70,5,97,73,50,52,78, ,100,50,73, ,133, ,106,46,15,10,47,57,9,80,101,15,46,78,55,22,37,52,104,106,46,15,10,47,57,9,80,18,61,47,20,15,78,89, ,9,12, ,42,52,104,100,52,94,139,
, , , , , , , , , , , , , , , , ,97,73,104,128,116,139,
, , , , , , , , ,104,128,43,104,1,4,145,
, , , , , , , , , , , , ,1,22,52,52,
, , , , ,70,104,11, ,43,29,104,43,34,140,4,97,5,104,116,52,104,37,11,139,145,
, , , , , , , , ,64,29,97,37,104, ,95,145,
, , , , , , , , , , , , ,4,97,5,104,80,52,37,104,104,1,116,95,139,
, , , , , , , , , , , , ,11,12,100, ,50,52,104,100, ,97,73, ,50,52,104,100,52,145,
, , , , , , , , , , , , , , , , ,5,24,140,4,97,5,104, ,133, ,4,97,5,104,80,4,97,5,104,116,139,144,11,37,12,22,4,116,50,52,104,100,136,95,51,139,
, , , , , , , , , , , , , , , , ,97,11, ,97,73,4,116,50,52,104,100,136,66,51,139, ,81,133, ,5,24,140,4,97,5,104, ,81,133, ,65,145,
, , , , , , , , , , , , , , , , , , , , ,50,52,104,100,52,80,100,104,5,12,26,104,116,50,52,104,100,139,
, , , , , , , , , , , , , , , , , , , , ,4,29,100,104,22,70,97,73,36,80,20,29,100,104,22,70,116,4,22,100,36,104,4,133,52,104,37,11,80,36,12,89, ,22,100,36,52,133,116,50,52,104,100,89, ,5,24,140,4,97,5,104,139,89, ,70,22,104,5,12,73,133,20,100,50,104,139,80,52,4,22,100,4,116,139,
, , , , , , , , , , , , , , , , ,104,37,97,11, ,5,24,140,4,97,5,104, ,81,133, ,97,73,4,116,50,52,104,100,136,66,51,139,145,
, , , , , , , , , , , , , , , , , , , , ,50,52,104,100,52,80,100,104,5,12,26,104,116,50,52,104,100,139,
, , , , , , , , , , , , , , , , , , , , ,1,100,97,73,4,116,11,94,\,73,106,46,15,10,47,57,9,80,100,104,70,5,97,73,50,52,78, ,106,46,15,10,47,57,9,80,101,15,46,78,53,106,50,52,104,100,136,65,51,78, ,106,46,15,10,47,57,9,80,18,61,47,20,15,78,20,97,5,104, ,71,22,52,52,104,70,94,139,
, , , , , , , , , , , , , , , , , , , , ,97,11, ,37,104,73,116,50,52,104,100,52,139, ,152, ,95,145,
, , , , , , , , , , , , , , , , , , , , , , , , ,52,104,37,11,80,100,50,73, ,133, ,55,22,37,52,104,
, , , , , , , , , , , , , , , , , , , , , , , , ,1,100,97,73,4,116,11,94,\,73,106,46,15,10,47,57,9,80,100,104,70,5,97,73,50,52,78, ,100,50,73, ,133, ,106,46,15,10,47,57,9,80,101,15,46,78,55,22,37,52,104,106,46,15,10,47,57,9,80,18,61,47,20,15,78,89, ,9,12, ,42,52,104,100,52,94,139,
, , , , , , , , , , , , , , , , , , , , , , , , ,97,73,104,128,116,139,
,
,12,52,80,52,24,52,4,104,5,116,94,4,97,4,37,104, ,101,22,4,104, ,28,97,5,97,4, ,144, ,88,94,139,
,1,100,97,73,4,116,46,15,10,47,57,9,80,100,37,24,104,37,37,12,64,139,
,
,52, ,133, ,10,15,20,20,47,9,57,10,116,139,
,55,47,28,15,10,116,94,55,97,37,104,52,48,37,97,52,4,80,4,128,4,94,89, ,50,52,104,100,52,89, ,52,128,133,94,8,94,139,
,55,47,28,15,10,116,94,55,97,37,104,52,48,1,100,12,128,97,104,52,80,4,128,4,94,89, ,1,100,12,128,97,104,52,139,
,55,47,28,15,10,116,94,55,97,37,104,52,48,52,104,52,52,97,12,73,52,80,4,128,4,94,89, ,52,104,52,52,97,12,73,52,89, ,52,128,133,94,145,94,89, ,52,1,37,97,4,140,37,97,73,104,52,133,94,108,10,94,139,
,
,1,100,97,73,4,116,11,94,\,73,106,46,15,10,47,57,9,80,36,100,104,104,73,3,104,100,12,78, ,61,20,20,71, ,106,46,15,10,47,57,9,80,36,100,104,104,73,12,73,104,78, ,10,85,40,16,10,106,46,15,10,47,57,9,80,14,15,28,28,85,18,78,68, ,106,46,15,10,47,57,9,80,36,100,104,104,73,4,64,12,78, ,10,85,40,16,10,106,46,15,10,47,57,9,80,14,15,28,28,85,18,78,0,106,46,15,10,47,57,9,80,18,61,47,20,15,78,145, ,94,89, ,104,73,70,133,94,94,139,
,1,100,12,128,4,24,1,104, ,133, ,97,73,1,50,4,116,139,
,97,11, ,1,100,12,128,4,24,1,104,133,133,94,65,94,145,
, , , , ,1,100,12,128,97,104,52,140,4,24,1,104, ,133, ,94,94,
,104,37,97,11, ,1,100,12,128,4,24,1,104,133,133,94,95,94,145,
, , , , ,1,100,12,128,97,104,52,140,4,24,1,104, ,133, ,94,52,12,43,34,52,68,145,48,48,94,
,104,37,97,11, ,1,100,12,128,4,24,1,104,133,133,94,66,94,145,
, , , , ,1,100,12,128,97,104,52,140,4,24,1,104, ,133, ,94,52,12,43,34,52,0,145,48,48,94,
,104,37,52,104,145,
, , , , ,1,100,97,73,4,116,11,94,\,73,106,46,15,10,47,57,9,80,100,104,70,5,97,73,50,52,78, ,136,135,65,135,89, ,135,95,135,51,94,139,
, , , , ,97,73,104,128,116,139,
,
,56, ,133, ,2,10,28,116,139,
,43,37,104,22,100,116,139,
,1,100,97,73,4,116,46,15,10,47,57,9,80,100,37,24,104,37,37,12,64,139,
,1,100,97,73,4,116,11,94,\,73,106,46,15,10,47,57,9,80,24,104,37,37,12,64,1,37,50,52,78, ,15,73,4,104,100, ,20,12, ,10,4,22,100,4,145, ,94,89, ,104,73,70,133,94,94,139,
,97,73,1,50,4,116,139,
,56,80,43,29,104,43,34,140,4,97,5,104,116,139,
